corner  temp |         t_rise         t_fall   v_src_steady  v_src_wl_fall      v_ds_peak
----------------------------------------------------------------------------------------
  ss   -40 |      1.591e-09      7.139e-08          3.299        0.07804        0.07668
  ss    27 |       1.75e-09      8.081e-08          3.299         0.2329          0.216
  ss    85 |      1.888e-09      8.943e-08          3.299          0.406         0.3962
  tt   -40 |      1.143e-09      5.786e-08          3.299       0.007066        0.06445
  tt    27 |      1.351e-09       6.51e-08          3.299        0.03927        0.08707
  tt    85 |      1.498e-09      7.192e-08          3.299         0.1055         0.1073
  ff   -40 |      9.402e-10      4.817e-08          3.299      0.0005095        0.06059
  ff    27 |      1.085e-09      5.386e-08          3.299       0.004976        0.07777
  ff    85 |      1.235e-09      5.944e-08          3.299        0.01963        0.09451

Acceptance gates:
PASS
